0906 0985
0925 0987
0926 1321
0927 1320
0928 1321
0934 1167
0935 0985
0939 1065
0945 1253
0946 1254
0954 1167
0977 0985
0980 0986
1001 0986
1002 0985
1031 0986
1033 0985
1034 1031
1035 1033
1040 1151
1041 1150
1181 1434
1182 1435
1212 0986
1213 0985
1227 1254
1229 1095
1243 1073
1253 0986
1256 1253
1275 1253
1276 1278
1280 0985
1281 0986
1285 1060
1302 1399
1326 0985
1349 0986
1415 0986
1416 0985
1422 0985
1456 0945
1457 0946
1477 0986
1510 1331
1518 1337
1519 1338
1524 1219
1526 0985
1527 0986
1533 0985
1535 0983
1536 1253
1537 1254
1540 0921
1541 0918
1544 1382
1545 1033
1552 1193
1553 1194
1592 1368
1593 1035
1609 0986
1610 0985
0906 0985
0925 0987
0926 1321
0927 1320
0928 1321
0934 1167
0935 0985
0939 1065
0945 1253
0946 1254
0954 1167
0977 0985
0980 0986
1001 0986
1002 0985
1031 0986
1033 0985
1034 1031
1035 1033
1040 1151
1041 1150
1181 1434
1182 1435
1212 0986
1213 0985
1227 1254
1229 1095
1243 1073
1253 0986
1256 1253
1275 1253
1276 1278
1280 0985
1281 0986
1285 1060
1302 1399
1326 0985
1349 0986
1415 0986
1416 0985
1422 0985
1456 0945
1457 0946
1477 0986
1510 1331
1518 1337
1519 1338
1524 1219
1526 0985
1527 0986
1533 0985
1535 0983
1536 1253
1537 1254
1540 0921
1541 0918
1544 1382
1545 1033
1552 1193
1553 1194
1592 1368
1593 1035
1609 0986
1610 0985
0906 0985
0925 0987
0926 1321
0927 1320
0928 1321
0934 1167
0935 0985
0939 1065
0945 1253
0946 1254
0954 1167
0977 0985
0980 0986
