[epoch:1, iter:0/50]
(tensor([[0.3039, 0.4942, 0.4252,  ..., 0.2925, 0.3592, 0.3191],
        [0.3039, 0.4942, 0.4252,  ..., 0.2925, 0.3592, 0.3191]],
       grad_fn=<MeanBackward1>), tensor([[0.3303, 0.6192, 0.4181,  ..., 0.3379, 0.4137, 0.2970],
        [0.3408, 0.3379, 0.5193,  ..., 0.2644, 0.3118, 0.3464]],
       grad_fn=<MeanBackward1>), tensor([[0.3452, 0.5025, 0.4464,  ..., 0.2878, 0.3799, 0.2936],
        [0.2724, 0.5237, 0.3813,  ..., 0.2783, 0.3626, 0.3590]],
       grad_fn=<MeanBackward1>))
[epoch:1, iter:1/50]
(tensor([[0.3037, 0.4941, 0.4250,  ..., 0.2923, 0.3588, 0.3189],
        [0.3037, 0.4941, 0.4250,  ..., 0.2923, 0.3588, 0.3189]],
       grad_fn=<MeanBackward1>), tensor([[0.3301, 0.6190, 0.4179,  ..., 0.3377, 0.4136, 0.2968],
        [0.3406, 0.3377, 0.5193,  ..., 0.2643, 0.3115, 0.3464]],
       grad_fn=<MeanBackward1>), tensor([[0.3303, 0.4974, 0.4586,  ..., 0.3307, 0.3635, 0.3797],
        [0.2758, 0.5632, 0.3965,  ..., 0.2393, 0.4226, 0.2704]],
       grad_fn=<MeanBackward1>))
[epoch:1, iter:2/50]
(tensor([[0.3310, 0.4800, 0.4192,  ..., 0.2758, 0.3680, 0.3161],
        [0.3310, 0.4800, 0.4192,  ..., 0.2758, 0.3680, 0.3161]],
       grad_fn=<MeanBackward1>), tensor([[0.3381, 0.5699, 0.3241,  ..., 0.2592, 0.4009, 0.2862],
        [0.3675, 0.3906, 0.5952,  ..., 0.3350, 0.3757, 0.3492]],
       grad_fn=<MeanBackward1>), tensor([[0.4302, 0.5401, 0.5467,  ..., 0.3032, 0.5000, 0.3399],
        [0.2560, 0.5108, 0.3468,  ..., 0.2426, 0.3089, 0.2796]],
       grad_fn=<MeanBackward1>))
[epoch:1, iter:3/50]
(tensor([[0.3314, 0.4803, 0.4195,  ..., 0.2760, 0.3686, 0.3165],
        [0.3314, 0.4803, 0.4195,  ..., 0.2760, 0.3686, 0.3165]],
       grad_fn=<MeanBackward1>), tensor([[0.3476, 0.4310, 0.5057,  ..., 0.3097, 0.4087, 0.3157],
        [0.3593, 0.5207, 0.3882,  ..., 0.2903, 0.3242, 0.3092]],
       grad_fn=<MeanBackward1>), tensor([[0.3823, 0.5101, 0.4213,  ..., 0.2696, 0.3861, 0.2918],
        [0.3162, 0.5491, 0.4831,  ..., 0.3002, 0.4007, 0.3306]],
       grad_fn=<MeanBackward1>))
[epoch:1, iter:4/50]
(tensor([[0.3082, 0.5270, 0.4649,  ..., 0.2920, 0.4001, 0.3244],
        [0.3082, 0.5270, 0.4649,  ..., 0.2920, 0.4001, 0.3244]],
       grad_fn=<MeanBackward1>), tensor([[0.3173, 0.5291, 0.4459,  ..., 0.2356, 0.3619, 0.2800],
        [0.3553, 0.3988, 0.4869,  ..., 0.3513, 0.3891, 0.3368]],
       grad_fn=<MeanBackward1>), tensor([[0.3107, 0.4652, 0.5172,  ..., 0.2736, 0.3751, 0.2602],
        [0.2847, 0.5655, 0.3425,  ..., 0.2837, 0.3924, 0.3420]],
       grad_fn=<MeanBackward1>))
[epoch:1, iter:5/50]
(tensor([[0.3081, 0.5270, 0.4649,  ..., 0.2920, 0.4002, 0.3244],
        [0.3081, 0.5270, 0.4649,  ..., 0.2920, 0.4002, 0.3244]],
       grad_fn=<MeanBackward1>), tensor([[0.3753, 0.5269, 0.4675,  ..., 0.2367, 0.3899, 0.3138],
        [0.3039, 0.4933, 0.4877,  ..., 0.3473, 0.3803, 0.2851]],
       grad_fn=<MeanBackward1>), tensor([[0.3977, 0.5355, 0.5635,  ..., 0.3171, 0.4188, 0.3095],
        [0.2489, 0.5193, 0.3374,  ..., 0.2762, 0.3312, 0.3308]],
       grad_fn=<MeanBackward1>))
[epoch:1, iter:6/50]
(tensor([[0.2990, 0.4971, 0.4069,  ..., 0.2807, 0.3747, 0.2855],
        [0.2990, 0.4971, 0.4069,  ..., 0.2807, 0.3747, 0.2855]],
       grad_fn=<MeanBackward1>), tensor([[0.2863, 0.4447, 0.5718,  ..., 0.3307, 0.4059, 0.3080],
        [0.3567, 0.5177, 0.3721,  ..., 0.2792, 0.3670, 0.3291]],
       grad_fn=<MeanBackward1>), tensor([[0.3789, 0.5195, 0.3909,  ..., 0.3765, 0.4345, 0.3200],
        [0.2715, 0.4693, 0.4444,  ..., 0.1960, 0.3216, 0.2802]],
       grad_fn=<MeanBackward1>))
[epoch:1, iter:7/50]
(tensor([[0.2987, 0.4968, 0.4067,  ..., 0.2806, 0.3746, 0.2852],
        [0.2987, 0.4968, 0.4067,  ..., 0.2806, 0.3746, 0.2852]],
       grad_fn=<MeanBackward1>), tensor([[0.3395, 0.4365, 0.4031,  ..., 0.2193, 0.3789, 0.4123],
        [0.3538, 0.5635, 0.5322,  ..., 0.3596, 0.4047, 0.2621]],
       grad_fn=<MeanBackward1>), tensor([[0.3089, 0.4144, 0.4269,  ..., 0.3468, 0.3615, 0.3240],
        [0.2913, 0.5389, 0.4093,  ..., 0.1819, 0.3263, 0.2676]],
       grad_fn=<MeanBackward1>))
[epoch:1, iter:8/50]
(tensor([[0.3157, 0.4900, 0.4367,  ..., 0.2777, 0.3786, 0.3197],
        [0.3157, 0.4900, 0.4367,  ..., 0.2777, 0.3786, 0.3197]],
       grad_fn=<MeanBackward1>), tensor([[0.3188, 0.5572, 0.5746,  ..., 0.2926, 0.3883, 0.2845],
        [0.3605, 0.4123, 0.3800,  ..., 0.3001, 0.3991, 0.2923]],
       grad_fn=<MeanBackward1>), tensor([[0.2596, 0.4858, 0.5156,  ..., 0.2419, 0.3847, 0.3163],
        [0.3673, 0.5042, 0.3527,  ..., 0.2966, 0.3593, 0.2911]],
       grad_fn=<MeanBackward1>))
[epoch:1, iter:9/50]
(tensor([[0.3157, 0.4899, 0.4367,  ..., 0.2777, 0.3786, 0.3196],
        [0.3157, 0.4899, 0.4367,  ..., 0.2777, 0.3786, 0.3196]],
       grad_fn=<MeanBackward1>), tensor([[0.3328, 0.4691, 0.6429,  ..., 0.3354, 0.3415, 0.3314],
        [0.3486, 0.5365, 0.2969,  ..., 0.2544, 0.4102, 0.3123]],
       grad_fn=<MeanBackward1>), tensor([[0.2438, 0.5065, 0.3452,  ..., 0.3009, 0.3912, 0.3528],
        [0.3415, 0.5311, 0.5060,  ..., 0.2239, 0.3656, 0.2705]],
       grad_fn=<MeanBackward1>))
[epoch:1, iter:10/50]
(tensor([[0.3018, 0.5012, 0.4239,  ..., 0.2709, 0.4137, 0.3169],
        [0.3018, 0.5012, 0.4239,  ..., 0.2709, 0.4137, 0.3169]],
       grad_fn=<MeanBackward1>), tensor([[0.3179, 0.5490, 0.3750,  ..., 0.3131, 0.3933, 0.2628],
        [0.3707, 0.4479, 0.5486,  ..., 0.2926, 0.3851, 0.3984]],
       grad_fn=<MeanBackward1>), tensor([[0.2817, 0.5153, 0.3901,  ..., 0.2171, 0.3763, 0.2823],
        [0.3124, 0.4841, 0.4660,  ..., 0.3342, 0.4003, 0.3217]],
       grad_fn=<MeanBackward1>))
[epoch:1, iter:11/50]
(tensor([[0.3010, 0.5010, 0.4234,  ..., 0.2704, 0.4133, 0.3162],
        [0.3010, 0.5010, 0.4234,  ..., 0.2704, 0.4133, 0.3162]],
       grad_fn=<MeanBackward1>), tensor([[0.3434, 0.5555, 0.4897,  ..., 0.3176, 0.3565, 0.2601],
        [0.3367, 0.4172, 0.4262,  ..., 0.2925, 0.4000, 0.3572]],
       grad_fn=<MeanBackward1>), tensor([[0.3127, 0.4500, 0.4829,  ..., 0.2323, 0.4394, 0.3571],
        [0.2981, 0.5559, 0.3269,  ..., 0.3189, 0.3265, 0.2425]],
       grad_fn=<MeanBackward1>))
[epoch:1, iter:12/50]
(tensor([[0.3126, 0.4842, 0.4306,  ..., 0.2632, 0.3859, 0.3192],
        [0.3126, 0.4842, 0.4306,  ..., 0.2632, 0.3859, 0.3192]],
       grad_fn=<MeanBackward1>), tensor([[0.3734, 0.4257, 0.4693,  ..., 0.2955, 0.4062, 0.3511],
        [0.3175, 0.5126, 0.4398,  ..., 0.2993, 0.3448, 0.2390]],
       grad_fn=<MeanBackward1>), tensor([[0.2794, 0.4409, 0.5805,  ..., 0.2684, 0.4075, 0.3498],
        [0.3417, 0.5595, 0.2570,  ..., 0.2520, 0.3445, 0.3031]],
       grad_fn=<MeanBackward1>))
[epoch:1, iter:13/50]
(tensor([[0.3125, 0.4842, 0.4306,  ..., 0.2631, 0.3858, 0.3191],
        [0.3125, 0.4842, 0.4306,  ..., 0.2631, 0.3858, 0.3191]],
       grad_fn=<MeanBackward1>), tensor([[0.3645, 0.3546, 0.6384,  ..., 0.2930, 0.2162, 0.3236],
        [0.3279, 0.6536, 0.3307,  ..., 0.3320, 0.5549, 0.2990]],
       grad_fn=<MeanBackward1>), tensor([[0.3839, 0.5674, 0.4654,  ..., 0.3214, 0.4602, 0.3187],
        [0.2474, 0.4684, 0.3847,  ..., 0.2407, 0.2909, 0.2938]],
       grad_fn=<MeanBackward1>))
[epoch:1, iter:14/50]
(tensor([[0.3164, 0.4924, 0.4434,  ..., 0.2944, 0.4015, 0.3093],
        [0.3164, 0.4924, 0.4434,  ..., 0.2944, 0.4015, 0.3093]],
       grad_fn=<MeanBackward1>), tensor([[0.2993, 0.3587, 0.5369,  ..., 0.2864, 0.4436, 0.3236],
        [0.3792, 0.5887, 0.3984,  ..., 0.3139, 0.3453, 0.3494]],
       grad_fn=<MeanBackward1>), tensor([[0.3346, 0.6198, 0.4335,  ..., 0.2521, 0.3506, 0.2718],
        [0.3303, 0.4443, 0.4493,  ..., 0.3234, 0.4117, 0.3427]],
       grad_fn=<MeanBackward1>))
[epoch:1, iter:15/50]
(tensor([[0.3165, 0.4926, 0.4438,  ..., 0.2945, 0.4017, 0.3094],
        [0.3165, 0.4926, 0.4438,  ..., 0.2945, 0.4017, 0.3094]],
       grad_fn=<MeanBackward1>), tensor([[0.2993, 0.3586, 0.5371,  ..., 0.2863, 0.4436, 0.3237],
        [0.3792, 0.5888, 0.3981,  ..., 0.3140, 0.3452, 0.3493]],
       grad_fn=<MeanBackward1>), tensor([[0.3149, 0.5678, 0.4248,  ..., 0.3512, 0.3394, 0.3587],
        [0.3238, 0.4728, 0.4249,  ..., 0.2203, 0.4361, 0.2893]],
       grad_fn=<MeanBackward1>))
[epoch:1, iter:16/50]
(tensor([[0.2934, 0.5351, 0.4433,  ..., 0.2734, 0.3828, 0.3250],
        [0.2934, 0.5351, 0.4433,  ..., 0.2734, 0.3828, 0.3250]],
       grad_fn=<MeanBackward1>), tensor([[0.3498, 0.4833, 0.4999,  ..., 0.3145, 0.4143, 0.2816],
        [0.3567, 0.4563, 0.4337,  ..., 0.2809, 0.3694, 0.3528]],
       grad_fn=<MeanBackward1>), tensor([[0.2938, 0.5281, 0.5589,  ..., 0.2119, 0.3804, 0.2887],
        [0.3249, 0.4831, 0.3102,  ..., 0.3375, 0.3763, 0.3474]],
       grad_fn=<MeanBackward1>))
[epoch:1, iter:17/50]
(tensor([[0.2934, 0.5350, 0.4433,  ..., 0.2734, 0.3829, 0.3249],
        [0.2934, 0.5350, 0.4433,  ..., 0.2734, 0.3829, 0.3249]],
       grad_fn=<MeanBackward1>), tensor([[0.3080, 0.5048, 0.4379,  ..., 0.3154, 0.3436, 0.3514],
        [0.3505, 0.4666, 0.4418,  ..., 0.2863, 0.3969, 0.2907]],
       grad_fn=<MeanBackward1>), tensor([[0.3191, 0.5659, 0.3365,  ..., 0.2552, 0.3222, 0.3005],
        [0.2626, 0.4543, 0.5358,  ..., 0.2895, 0.4311, 0.3189]],
       grad_fn=<MeanBackward1>))
[epoch:1, iter:18/50]
(tensor([[0.3174, 0.4917, 0.4461,  ..., 0.2719, 0.3921, 0.3185],
        [0.3174, 0.4917, 0.4461,  ..., 0.2719, 0.3921, 0.3185]],
       grad_fn=<MeanBackward1>), tensor([[0.3370, 0.4865, 0.5829,  ..., 0.3067, 0.3930, 0.3358],
        [0.3244, 0.4943, 0.3445,  ..., 0.2855, 0.3988, 0.2842]],
       grad_fn=<MeanBackward1>), tensor([[0.2801, 0.3982, 0.4279,  ..., 0.2427, 0.3806, 0.3894],
        [0.3349, 0.5827, 0.4264,  ..., 0.2889, 0.3553, 0.2487]],
       grad_fn=<MeanBackward1>))
[epoch:1, iter:19/50]
(tensor([[0.3171, 0.4912, 0.4454,  ..., 0.2715, 0.3917, 0.3182],
        [0.3171, 0.4912, 0.4454,  ..., 0.2715, 0.3917, 0.3182]],
       grad_fn=<MeanBackward1>), tensor([[0.3050, 0.4115, 0.5320,  ..., 0.2851, 0.4181, 0.3441],
        [0.3667, 0.5603, 0.4242,  ..., 0.3027, 0.3428, 0.2641]],
       grad_fn=<MeanBackward1>), tensor([[0.3006, 0.4754, 0.4958,  ..., 0.2987, 0.4971, 0.3430],
        [0.3181, 0.5594, 0.3696,  ..., 0.2521, 0.2812, 0.2821]],
       grad_fn=<MeanBackward1>))
[epoch:1, iter:20/50]
(tensor([[0.3095, 0.5264, 0.4338,  ..., 0.2890, 0.3781, 0.3282],
        [0.3095, 0.5264, 0.4338,  ..., 0.2890, 0.3781, 0.3282]],
       grad_fn=<MeanBackward1>), tensor([[0.3190, 0.5397, 0.5074,  ..., 0.2815, 0.3337, 0.4101],
        [0.3653, 0.4080, 0.4047,  ..., 0.3092, 0.4479, 0.2244]],
       grad_fn=<MeanBackward1>), tensor([[0.3305, 0.5325, 0.4335,  ..., 0.2900, 0.4665, 0.2915],
        [0.3205, 0.5198, 0.4487,  ..., 0.2734, 0.3495, 0.3429]],
       grad_fn=<MeanBackward1>))
[epoch:1, iter:21/50]
(tensor([[0.3097, 0.5267, 0.4341,  ..., 0.2895, 0.3783, 0.3283],
        [0.3097, 0.5267, 0.4341,  ..., 0.2895, 0.3783, 0.3283]],
       grad_fn=<MeanBackward1>), tensor([[0.3471, 0.5145, 0.3733,  ..., 0.2619, 0.4724, 0.2310],
        [0.3304, 0.4998, 0.5587,  ..., 0.3196, 0.3171, 0.4381]],
       grad_fn=<MeanBackward1>), tensor([[0.2547, 0.5409, 0.4764,  ..., 0.2676, 0.4171, 0.2731],
        [0.3851, 0.4814, 0.3964,  ..., 0.3006, 0.3549, 0.3519]],
       grad_fn=<MeanBackward1>))
[epoch:1, iter:22/50]
(tensor([[0.3038, 0.4934, 0.4218,  ..., 0.2755, 0.3819, 0.2933],
        [0.3038, 0.4934, 0.4218,  ..., 0.2755, 0.3819, 0.2933]],
       grad_fn=<MeanBackward1>), tensor([[0.3448, 0.5353, 0.4266,  ..., 0.3238, 0.3637, 0.3404],
        [0.3503, 0.4401, 0.5370,  ..., 0.2642, 0.3922, 0.2964]],
       grad_fn=<MeanBackward1>), tensor([[0.3520, 0.4631, 0.5381,  ..., 0.2508, 0.4209, 0.3227],
        [0.2809, 0.5285, 0.3191,  ..., 0.2982, 0.3081, 0.3155]],
       grad_fn=<MeanBackward1>))
[epoch:1, iter:23/50]
(tensor([[0.3037, 0.4934, 0.4216,  ..., 0.2755, 0.3817, 0.2932],
        [0.3037, 0.4934, 0.4216,  ..., 0.2755, 0.3817, 0.2932]],
       grad_fn=<MeanBackward1>), tensor([[0.3470, 0.5451, 0.4218,  ..., 0.3071, 0.4064, 0.2039],
        [0.3713, 0.4046, 0.5442,  ..., 0.2481, 0.3253, 0.4629]],
       grad_fn=<MeanBackward1>), tensor([[0.2705, 0.3945, 0.4389,  ..., 0.3324, 0.3957, 0.3084],
        [0.3389, 0.5933, 0.3965,  ..., 0.1864, 0.2927, 0.3383]],
       grad_fn=<MeanBackward1>))
[epoch:1, iter:24/50]
(tensor([[0.3049, 0.5284, 0.4363,  ..., 0.2749, 0.3898, 0.3177],
        [0.3049, 0.5284, 0.4363,  ..., 0.2749, 0.3898, 0.3177]],
       grad_fn=<MeanBackward1>), tensor([[0.3468, 0.6359, 0.4516,  ..., 0.2717, 0.2732, 0.3465],
        [0.3632, 0.3571, 0.4803,  ..., 0.3369, 0.5076, 0.2932]],
       grad_fn=<MeanBackward1>), tensor([[0.3283, 0.5278, 0.4288,  ..., 0.3267, 0.4620, 0.2984],
        [0.3135, 0.5311, 0.4575,  ..., 0.2601, 0.3104, 0.3622]],
       grad_fn=<MeanBackward1>))
[epoch:1, iter:25/50]
(tensor([[0.3048, 0.5284, 0.4363,  ..., 0.2749, 0.3897, 0.3176],
        [0.3048, 0.5284, 0.4363,  ..., 0.2749, 0.3897, 0.3176]],
       grad_fn=<MeanBackward1>), tensor([[0.2845, 0.3763, 0.4853,  ..., 0.2494, 0.5259, 0.2853],
        [0.3933, 0.5828, 0.4471,  ..., 0.3494, 0.2520, 0.3449]],
       grad_fn=<MeanBackward1>), tensor([[0.3331, 0.5867, 0.5489,  ..., 0.2943, 0.3777, 0.3925],
        [0.3126, 0.4470, 0.3864,  ..., 0.2587, 0.4124, 0.2544]],
       grad_fn=<MeanBackward1>))
[epoch:1, iter:26/50]
(tensor([[0.3297, 0.5239, 0.4508,  ..., 0.2716, 0.3664, 0.3171],
        [0.3297, 0.5239, 0.4508,  ..., 0.2716, 0.3664, 0.3171]],
       grad_fn=<MeanBackward1>), tensor([[0.3467, 0.5216, 0.5275,  ..., 0.3088, 0.4161, 0.3155],
        [0.3570, 0.4556, 0.3892,  ..., 0.2939, 0.3682, 0.3292]],
       grad_fn=<MeanBackward1>), tensor([[0.3024, 0.5849, 0.3612,  ..., 0.3016, 0.3848, 0.2910],
        [0.3376, 0.4420, 0.5339,  ..., 0.2599, 0.3887, 0.3382]],
       grad_fn=<MeanBackward1>))
[epoch:1, iter:27/50]
(tensor([[0.3298, 0.5240, 0.4509,  ..., 0.2717, 0.3664, 0.3171],
        [0.3298, 0.5240, 0.4509,  ..., 0.2717, 0.3664, 0.3171]],
       grad_fn=<MeanBackward1>), tensor([[0.3471, 0.2397, 0.5066,  ..., 0.3353, 0.4255, 0.3056],
        [0.3649, 0.7177, 0.4146,  ..., 0.2768, 0.3262, 0.3432]],
       grad_fn=<MeanBackward1>), tensor([[0.3063, 0.4456, 0.3999,  ..., 0.2540, 0.4597, 0.3644],
        [0.3024, 0.5384, 0.4454,  ..., 0.3032, 0.2628, 0.2619]],
       grad_fn=<MeanBackward1>))
[epoch:1, iter:28/50]
(tensor([[0.3097, 0.4575, 0.4518,  ..., 0.2778, 0.3559, 0.3261],
        [0.3097, 0.4575, 0.4518,  ..., 0.2778, 0.3559, 0.3261]],
       grad_fn=<MeanBackward1>), tensor([[0.3603, 0.3916, 0.4730,  ..., 0.2981, 0.3004, 0.3233],
        [0.3104, 0.6050, 0.4534,  ..., 0.2983, 0.4920, 0.3025]],
       grad_fn=<MeanBackward1>), tensor([[0.2309, 0.4728, 0.4994,  ..., 0.2876, 0.3569, 0.3581],
        [0.3531, 0.5009, 0.3583,  ..., 0.2592, 0.3911, 0.2624]],
       grad_fn=<MeanBackward1>))
[epoch:1, iter:29/50]
(tensor([[0.3095, 0.4570, 0.4514,  ..., 0.2776, 0.3555, 0.3258],
        [0.3095, 0.4570, 0.4514,  ..., 0.2776, 0.3555, 0.3258]],
       grad_fn=<MeanBackward1>), tensor([[0.3142, 0.4421, 0.4292,  ..., 0.3443, 0.4097, 0.3154],
        [0.3305, 0.5365, 0.4617,  ..., 0.2519, 0.3207, 0.2935]],
       grad_fn=<MeanBackward1>), tensor([[0.2957, 0.4915, 0.3805,  ..., 0.3673, 0.4480, 0.3092],
        [0.3235, 0.5062, 0.4666,  ..., 0.1724, 0.2839, 0.3292]],
       grad_fn=<MeanBackward1>))
[epoch:1, iter:30/50]
(tensor([[0.3178, 0.5142, 0.4396,  ..., 0.2653, 0.4151, 0.3160],
        [0.3178, 0.5142, 0.4396,  ..., 0.2653, 0.4151, 0.3160]],
       grad_fn=<MeanBackward1>), tensor([[0.3430, 0.5531, 0.5073,  ..., 0.3148, 0.4215, 0.2643],
        [0.2897, 0.4523, 0.4024,  ..., 0.2637, 0.2578, 0.3335]],
       grad_fn=<MeanBackward1>), tensor([[0.2464, 0.4226, 0.4481,  ..., 0.3418, 0.4343, 0.2368],
        [0.3456, 0.5750, 0.3982,  ..., 0.2252, 0.2856, 0.3659]],
       grad_fn=<MeanBackward1>))
[epoch:1, iter:31/50]
(tensor([[0.3177, 0.5142, 0.4395,  ..., 0.2654, 0.4150, 0.3160],
        [0.3177, 0.5142, 0.4395,  ..., 0.2654, 0.4150, 0.3160]],
       grad_fn=<MeanBackward1>), tensor([[0.3461, 0.3558, 0.5486,  ..., 0.2902, 0.4211, 0.4107],
        [0.3163, 0.6324, 0.3560,  ..., 0.3189, 0.3421, 0.2324]],
       grad_fn=<MeanBackward1>), tensor([[0.3283, 0.5308, 0.4816,  ..., 0.2198, 0.3765, 0.3101],
        [0.2980, 0.4986, 0.3718,  ..., 0.3373, 0.4133, 0.3088]],
       grad_fn=<MeanBackward1>))
[epoch:1, iter:32/50]
(tensor([[0.3268, 0.4775, 0.4444,  ..., 0.2732, 0.3970, 0.3333],
        [0.3268, 0.4775, 0.4444,  ..., 0.2732, 0.3970, 0.3333]],
       grad_fn=<MeanBackward1>), tensor([[0.3291, 0.4442, 0.4436,  ..., 0.3043, 0.3800, 0.2760],
        [0.3457, 0.5096, 0.4664,  ..., 0.2788, 0.3522, 0.3320]],
       grad_fn=<MeanBackward1>), tensor([[0.3165, 0.4836, 0.4479,  ..., 0.2928, 0.4285, 0.3193],
        [0.3085, 0.5239, 0.4159,  ..., 0.2670, 0.4215, 0.3359]],
       grad_fn=<MeanBackward1>))
[epoch:1, iter:33/50]
(tensor([[0.3268, 0.4775, 0.4444,  ..., 0.2732, 0.3970, 0.3333],
        [0.3268, 0.4775, 0.4444,  ..., 0.2732, 0.3970, 0.3333]],
       grad_fn=<MeanBackward1>), tensor([[0.2961, 0.5198, 0.3250,  ..., 0.3213, 0.4048, 0.2588],
        [0.3687, 0.4337, 0.5972,  ..., 0.2714, 0.3257, 0.3530]],
       grad_fn=<MeanBackward1>), tensor([[0.3325, 0.5039, 0.4195,  ..., 0.2995, 0.3840, 0.3546],
        [0.2984, 0.4984, 0.4696,  ..., 0.2665, 0.4546, 0.3029]],
       grad_fn=<MeanBackward1>))
[epoch:1, iter:34/50]
(tensor([[0.3069, 0.5119, 0.4341,  ..., 0.2906, 0.3962, 0.3195],
        [0.3069, 0.5119, 0.4341,  ..., 0.2906, 0.3962, 0.3195]],
       grad_fn=<MeanBackward1>), tensor([[0.3880, 0.5086, 0.5210,  ..., 0.3089, 0.4077, 0.2977],
        [0.3277, 0.4984, 0.3469,  ..., 0.2737, 0.3969, 0.3371]],
       grad_fn=<MeanBackward1>), tensor([[0.3243, 0.4193, 0.4061,  ..., 0.2089, 0.3759, 0.3217],
        [0.2944, 0.6233, 0.4196,  ..., 0.3376, 0.3879, 0.2910]],
       grad_fn=<MeanBackward1>))
[epoch:1, iter:35/50]
(tensor([[0.3067, 0.5119, 0.4339,  ..., 0.2904, 0.3960, 0.3194],
        [0.3067, 0.5119, 0.4339,  ..., 0.2904, 0.3960, 0.3194]],
       grad_fn=<MeanBackward1>), tensor([[0.3330, 0.4288, 0.3979,  ..., 0.2478, 0.4582, 0.3171],
        [0.3689, 0.5441, 0.4912,  ..., 0.3326, 0.3430, 0.3137]],
       grad_fn=<MeanBackward1>), tensor([[0.3677, 0.5051, 0.4086,  ..., 0.3115, 0.4894, 0.2471],
        [0.2299, 0.5435, 0.4174,  ..., 0.2521, 0.2590, 0.3488]],
       grad_fn=<MeanBackward1>))
[epoch:1, iter:36/50]
(tensor([[0.3169, 0.4835, 0.4409,  ..., 0.2695, 0.3901, 0.2985],
        [0.3169, 0.4835, 0.4409,  ..., 0.2695, 0.3901, 0.2985]],
       grad_fn=<MeanBackward1>), tensor([[0.3234, 0.5209, 0.5205,  ..., 0.3024, 0.4773, 0.3454],
        [0.3697, 0.4389, 0.3985,  ..., 0.2963, 0.2862, 0.3085]],
       grad_fn=<MeanBackward1>), tensor([[0.2706, 0.5622, 0.3446,  ..., 0.2522, 0.4099, 0.2507],
        [0.3773, 0.4395, 0.5081,  ..., 0.2931, 0.3579, 0.3588]],
       grad_fn=<MeanBackward1>))
[epoch:1, iter:37/50]
(tensor([[0.3169, 0.4834, 0.4409,  ..., 0.2695, 0.3902, 0.2984],
        [0.3169, 0.4834, 0.4409,  ..., 0.2695, 0.3902, 0.2984]],
       grad_fn=<MeanBackward1>), tensor([[0.3234, 0.5207, 0.5204,  ..., 0.3024, 0.4772, 0.3453],
        [0.3696, 0.4389, 0.3985,  ..., 0.2963, 0.2861, 0.3085]],
       grad_fn=<MeanBackward1>), tensor([[0.2653, 0.5727, 0.4524,  ..., 0.2581, 0.4426, 0.3305],
        [0.3613, 0.4788, 0.4187,  ..., 0.2824, 0.3261, 0.2888]],
       grad_fn=<MeanBackward1>))
[epoch:1, iter:38/50]
(tensor([[0.3032, 0.4769, 0.4246,  ..., 0.2571, 0.3715, 0.3234],
        [0.3032, 0.4769, 0.4246,  ..., 0.2571, 0.3715, 0.3234]],
       grad_fn=<MeanBackward1>), tensor([[0.3282, 0.5313, 0.2922,  ..., 0.2673, 0.3798, 0.2356],
        [0.3504, 0.4832, 0.5849,  ..., 0.3210, 0.3943, 0.3917]],
       grad_fn=<MeanBackward1>), tensor([[0.2806, 0.3921, 0.3949,  ..., 0.2525, 0.4126, 0.3435],
        [0.3480, 0.6363, 0.4526,  ..., 0.2891, 0.3584, 0.2820]],
       grad_fn=<MeanBackward1>))
[epoch:1, iter:39/50]
(tensor([[0.3032, 0.4769, 0.4246,  ..., 0.2571, 0.3715, 0.3234],
        [0.3032, 0.4769, 0.4246,  ..., 0.2571, 0.3715, 0.3234]],
       grad_fn=<MeanBackward1>), tensor([[0.3280, 0.5313, 0.2922,  ..., 0.2673, 0.3798, 0.2356],
        [0.3502, 0.4828, 0.5846,  ..., 0.3209, 0.3942, 0.3916]],
       grad_fn=<MeanBackward1>), tensor([[0.4063, 0.4849, 0.4391,  ..., 0.2494, 0.3737, 0.3396],
        [0.2567, 0.5482, 0.4274,  ..., 0.3052, 0.3936, 0.2722]],
       grad_fn=<MeanBackward1>))
[epoch:1, iter:40/50]
(tensor([[0.3134, 0.5051, 0.4455,  ..., 0.3002, 0.3899, 0.3177],
        [0.3134, 0.5051, 0.4455,  ..., 0.3002, 0.3899, 0.3177]],
       grad_fn=<MeanBackward1>), tensor([[0.3302, 0.4088, 0.5969,  ..., 0.2778, 0.4060, 0.3355],
        [0.3782, 0.5523, 0.2767,  ..., 0.3311, 0.3032, 0.2812]],
       grad_fn=<MeanBackward1>), tensor([[0.3638, 0.5884, 0.5134,  ..., 0.2679, 0.3557, 0.3131],
        [0.2823, 0.4708, 0.3959,  ..., 0.3042, 0.4655, 0.3121]],
       grad_fn=<MeanBackward1>))
[epoch:1, iter:41/50]
(tensor([[0.3134, 0.5051, 0.4455,  ..., 0.3001, 0.3898, 0.3177],
        [0.3134, 0.5051, 0.4455,  ..., 0.3001, 0.3898, 0.3177]],
       grad_fn=<MeanBackward1>), tensor([[0.3303, 0.4089, 0.5969,  ..., 0.2778, 0.4061, 0.3356],
        [0.3783, 0.5523, 0.2767,  ..., 0.3311, 0.3033, 0.2813]],
       grad_fn=<MeanBackward1>), tensor([[0.2796, 0.5096, 0.5031,  ..., 0.2403, 0.4450, 0.3119],
        [0.3541, 0.5211, 0.3387,  ..., 0.3285, 0.3349, 0.3217]],
       grad_fn=<MeanBackward1>))
[epoch:1, iter:42/50]
(tensor([[0.3154, 0.4914, 0.4411,  ..., 0.2778, 0.4007, 0.3108],
        [0.3154, 0.4914, 0.4411,  ..., 0.2778, 0.4007, 0.3108]],
       grad_fn=<MeanBackward1>), tensor([[0.3195, 0.4153, 0.4326,  ..., 0.2849, 0.3427, 0.3201],
        [0.3753, 0.5767, 0.5232,  ..., 0.3156, 0.3566, 0.3008]],
       grad_fn=<MeanBackward1>), tensor([[0.2770, 0.4779, 0.3430,  ..., 0.3063, 0.4635, 0.3054],
        [0.3010, 0.5168, 0.4858,  ..., 0.2051, 0.3209, 0.3047]],
       grad_fn=<MeanBackward1>))
[epoch:1, iter:43/50]
(tensor([[0.3152, 0.4912, 0.4409,  ..., 0.2777, 0.4005, 0.3107],
        [0.3152, 0.4912, 0.4409,  ..., 0.2777, 0.4005, 0.3107]],
       grad_fn=<MeanBackward1>), tensor([[0.3551, 0.5952, 0.4526,  ..., 0.2922, 0.3985, 0.2823],
        [0.3293, 0.3873, 0.4568,  ..., 0.3045, 0.3301, 0.3404]],
       grad_fn=<MeanBackward1>), tensor([[0.3558, 0.4364, 0.4578,  ..., 0.2450, 0.3288, 0.3898],
        [0.2545, 0.5591, 0.4012,  ..., 0.2887, 0.3696, 0.2426]],
       grad_fn=<MeanBackward1>))
[epoch:1, iter:44/50]
(tensor([[0.3151, 0.4784, 0.4470,  ..., 0.2740, 0.3837, 0.3073],
        [0.3151, 0.4784, 0.4470,  ..., 0.2740, 0.3837, 0.3073]],
       grad_fn=<MeanBackward1>), tensor([[0.3603, 0.5140, 0.4988,  ..., 0.3290, 0.3093, 0.3579],
        [0.3129, 0.4924, 0.4385,  ..., 0.2698, 0.4307, 0.2708]],
       grad_fn=<MeanBackward1>), tensor([[0.2040, 0.4864, 0.4539,  ..., 0.2867, 0.5045, 0.2445],
        [0.4199, 0.5554, 0.3726,  ..., 0.2753, 0.2719, 0.3844]],
       grad_fn=<MeanBackward1>))
[epoch:1, iter:45/50]
(tensor([[0.3150, 0.4783, 0.4469,  ..., 0.2740, 0.3836, 0.3073],
        [0.3150, 0.4783, 0.4469,  ..., 0.2740, 0.3836, 0.3073]],
       grad_fn=<MeanBackward1>), tensor([[0.3268, 0.5476, 0.5068,  ..., 0.2684, 0.3976, 0.3286],
        [0.3266, 0.4229, 0.3762,  ..., 0.3262, 0.3588, 0.2868]],
       grad_fn=<MeanBackward1>), tensor([[0.3271, 0.5596, 0.4648,  ..., 0.3098, 0.3898, 0.2946],
        [0.2874, 0.4341, 0.4293,  ..., 0.2318, 0.3701, 0.3097]],
       grad_fn=<MeanBackward1>))
[epoch:1, iter:46/50]
(tensor([[0.3222, 0.5147, 0.4253,  ..., 0.2862, 0.4078, 0.3266],
        [0.3222, 0.5147, 0.4253,  ..., 0.2862, 0.4078, 0.3266]],
       grad_fn=<MeanBackward1>), tensor([[0.2773, 0.4098, 0.4413,  ..., 0.3365, 0.3673, 0.2744],
        [0.3922, 0.6215, 0.4114,  ..., 0.2731, 0.3979, 0.3587]],
       grad_fn=<MeanBackward1>), tensor([[0.2347, 0.5791, 0.4324,  ..., 0.2763, 0.3763, 0.2794],
        [0.3868, 0.4580, 0.4464,  ..., 0.2729, 0.4004, 0.3363]],
       grad_fn=<MeanBackward1>))
[epoch:1, iter:47/50]
(tensor([[0.3221, 0.5147, 0.4251,  ..., 0.2859, 0.4076, 0.3264],
        [0.3221, 0.5147, 0.4251,  ..., 0.2859, 0.4076, 0.3264]],
       grad_fn=<MeanBackward1>), tensor([[0.3576, 0.3731, 0.4984,  ..., 0.2654, 0.4698, 0.3019],
        [0.3025, 0.5939, 0.4477,  ..., 0.3702, 0.3001, 0.3321]],
       grad_fn=<MeanBackward1>), tensor([[0.3531, 0.4535, 0.4155,  ..., 0.2783, 0.4128, 0.2476],
        [0.2999, 0.5811, 0.4538,  ..., 0.2859, 0.3741, 0.3609]],
       grad_fn=<MeanBackward1>))
[epoch:1, iter:48/50]
(tensor([[0.3240, 0.4872, 0.4386,  ..., 0.2808, 0.3927, 0.2980],
        [0.3240, 0.4872, 0.4386,  ..., 0.2808, 0.3927, 0.2980]],
       grad_fn=<MeanBackward1>), tensor([[0.3602, 0.5432, 0.4346,  ..., 0.3209, 0.4258, 0.3944],
        [0.2919, 0.3984, 0.4733,  ..., 0.2855, 0.2997, 0.2477]],
       grad_fn=<MeanBackward1>), tensor([[0.3462, 0.4955, 0.3511,  ..., 0.2763, 0.3973, 0.3191],
        [0.2881, 0.5369, 0.5034,  ..., 0.2326, 0.3655, 0.3238]],
       grad_fn=<MeanBackward1>))
[epoch:1, iter:49/50]
(tensor([[0.3239, 0.4872, 0.4385,  ..., 0.2807, 0.3927, 0.2980],
        [0.3239, 0.4872, 0.4385,  ..., 0.2807, 0.3927, 0.2980]],
       grad_fn=<MeanBackward1>), tensor([[0.3355, 0.4372, 0.5547,  ..., 0.2935, 0.4266, 0.4077],
        [0.3365, 0.5906, 0.3574,  ..., 0.2948, 0.3359, 0.2363]],
       grad_fn=<MeanBackward1>), tensor([[0.3616, 0.4424, 0.5539,  ..., 0.3055, 0.3848, 0.3601],
        [0.2655, 0.5271, 0.3280,  ..., 0.2395, 0.4355, 0.2466]],
       grad_fn=<MeanBackward1>))
